pattern,quality,pattern_delta,support,class_balance,p_value,corrected_p,is_sig
"[{'M_13_9'}, {'M_2_9'}, {'M_3_9'}, {'M_4_9'}]",0.94200480501431,0.6777397130429745,60,"{np.float64(1.0): 50, np.float64(0.0): 10}",1.0,1.0,False
"[{'M_10_9'}, {'M_10_9'}, {'M_10_9'}, {'M_10_9'}, {'M_10_9'}, {'M_10_9'}, {'M_10_9'}, {'M_10_9'}, {'M_10_9'}, {'M_10_9'}, {'M_10_9'}, {'M_10_9'}, {'M_10_9'}, {'M_10_9'}, {'M_10_9'}]",0.7538323982594717,0.5801863078441885,60,"{np.float64(1.0): 45, np.float64(0.0): 15}",0.000999000999000999,0.0013875013875013875,True
"[{'M_13_9'}, {'M_13_9'}, {'M_13_9'}, {'M_13_9'}, {'M_1_9'}]",0.6341437181020769,0.5403780510093559,67,"{np.float64(0.0): 19, np.float64(1.0): 48}",0.000999000999000999,0.0013875013875013875,True
"[{'M_12_9'}, {'M_12_9'}, {'M_12_9'}, {'M_12_9'}, {'M_12_9'}, {'M_2_9'}]",0.5905425967297856,0.5174249943082381,62,"{np.float64(1.0): 44, np.float64(0.0): 18}",0.000999000999000999,0.0013875013875013875,True
"[{'M_11_9'}, {'M_11_9'}, {'M_11_9'}, {'M_11_9'}, {'M_11_9'}, {'M_11_9'}, {'M_11_9'}, {'M_11_9'}, {'M_11_9'}, {'M_11_9'}, {'M_11_9'}, {'M_11_9'}, {'M_11_9'}, {'M_12_9'}, {'M_12_9'}]",0.5305677759614884,0.442844738409663,62,"{np.float64(1.0): 15, np.float64(0.0): 47}",0.000999000999000999,0.0013875013875013875,True
"[{'M_12_9'}, {'M_12_9'}, {'M_12_9'}, {'M_12_9'}, {'M_12_9'}, {'M_12_9'}, {'M_12_9'}, {'M_12_9'}, {'M_12_9'}, {'M_12_9'}, {'M_12_9'}, {'M_12_9'}, {'M_12_9'}, {'M_12_9'}, {'M_15_9'}, {'M_0_9'}, {'M_0_9'}, {'M_0_9'}]",0.5201854396367149,0.46981696920612687,64,"{np.float64(1.0): 12, np.float64(0.0): 52}",1.0,1.0,False
"[{'M_14_9'}, {'M_14_9'}, {'M_14_9'}, {'M_14_9'}, {'M_1_9'}]",0.45167481252186586,0.5325959988511525,68,"{np.float64(0.0): 13, np.float64(1.0): 55}",1.0,1.0,False
"[{'M_9_9'}, {'M_9_9'}, {'M_9_9'}, {'M_9_9'}, {'M_10_9'}, {'M_10_9'}, {'M_10_9'}, {'M_10_9'}, {'M_10_9'}, {'M_10_9'}, {'M_10_9'}]",0.4470951932164409,0.5069877172758183,62,"{np.float64(0.0): 12, np.float64(1.0): 50}",1.0,1.0,False
"[{'M_5_9'}, {'M_5_9'}, {'M_5_9'}, {'M_5_9'}, {'M_5_9'}, {'M_5_9'}, {'M_5_9'}, {'M_5_9'}, {'M_5_9'}, {'M_5_9'}, {'M_5_9'}, {'M_5_9'}]",0.4374807592841156,0.40760710923329146,64,"{np.float64(0.0): 21, np.float64(1.0): 43}",0.000999000999000999,0.0013875013875013875,True
"[{'M_11_9'}, {'M_11_9'}, {'M_11_9'}, {'M_11_9'}, {'M_11_9'}, {'M_11_9'}, {'M_11_9'}, {'M_11_9'}, {'M_11_9'}, {'M_11_9'}, {'M_11_9'}, {'M_13_9'}]",0.4281224961207843,0.35893911908260046,66,"{np.float64(1.0): 29, np.float64(0.0): 37}",0.000999000999000999,0.0013875013875013875,True
"[{'M_14_9'}, {'M_13_9'}, {'M_13_9'}, {'M_12_9'}, {'M_12_9'}, {'M_12_9'}, {'M_12_9'}, {'M_12_9'}, {'M_12_9'}, {'M_12_9'}]",0.42060721533403694,0.38604486596954,91,"{np.float64(0.0): 68, np.float64(1.0): 23}",0.000999000999000999,0.0013875013875013875,True
"[{'M_11_9'}, {'M_11_9'}, {'M_11_9'}, {'M_12_9'}, {'M_12_9'}, {'M_12_9'}, {'M_12_9'}, {'M_12_9'}, {'M_12_9'}, {'M_12_9'}, {'M_12_9'}, {'M_12_9'}, {'M_12_9'}]",0.40274091950871177,0.4020805859715557,103,"{np.float64(0.0): 80, np.float64(1.0): 23}",0.000999000999000999,0.0013875013875013875,True
"[{'M_1_9'}, {'M_1_9'}, {'M_1_9'}, {'M_2_9'}, {'M_2_9'}, {'M_2_9'}, {'M_2_9'}, {'M_2_9'}, {'M_2_9'}, {'M_2_9'}]",0.39353440537890205,0.44107969342845177,85,"{np.float64(1.0): 63, np.float64(0.0): 22}",0.000999000999000999,0.0013875013875013875,True
"[{'M_12_9'}, {'M_12_9'}, {'M_12_9'}, {'M_12_9'}, {'M_12_9'}, {'M_11_9'}, {'M_11_9'}, {'M_11_9'}, {'M_11_9'}, {'M_11_9'}, {'M_11_9'}, {'M_11_9'}, {'M_11_9'}, {'M_11_9'}]",0.36974123966639993,0.4310840062909957,67,"{np.float64(0.0): 55, np.float64(1.0): 12}",1.0,1.0,False
"[{'M_11_9'}, {'M_11_9'}, {'M_11_9'}, {'M_11_9'}, {'M_11_9'}, {'M_11_9'}, {'M_11_9'}, {'M_11_9'}, {'M_11_9'}, {'M_11_9'}, {'M_11_9'}, {'M_11_9'}, {'M_11_9'}, {'M_15_9'}]",0.3619687930393827,0.39953700271740433,77,"{np.float64(0.0): 61, np.float64(1.0): 16}",0.000999000999000999,0.0013875013875013875,True
"[{'M_2_9'}, {'M_2_9'}, {'M_2_9'}, {'M_14_9'}]",0.3616288404345345,0.49670201467711533,81,"{np.float64(1.0): 67, np.float64(0.0): 14}",1.0,1.0,False
"[{'M_10_9'}, {'M_10_9'}, {'M_5_9'}]",0.32093936432074677,0.46297590483704376,130,"{np.float64(1.0): 112, np.float64(0.0): 18}",0.000999000999000999,0.0013875013875013875,True
"[{'M_12_9'}, {'M_13_9'}, {'M_13_9'}, {'M_13_9'}, {'M_13_9'}, {'M_13_9'}, {'M_13_9'}, {'M_13_9'}, {'M_13_9'}, {'M_13_9'}]",0.3111256068158293,0.3332311723726734,61,"{np.float64(1.0): 42, np.float64(0.0): 19}",0.000999000999000999,0.0013875013875013875,True
"[{'M_10_9'}, {'M_10_9'}, {'M_10_9'}, {'M_10_9'}, {'M_10_9'}, {'M_10_9'}, {'M_10_9'}, {'M_10_9'}, {'M_9_9'}, {'M_8_9'}]",0.31040031086189646,0.45477356853730533,61,"{np.float64(1.0): 51, np.float64(0.0): 10}",1.0,1.0,False
"[{'M_13_9'}, {'M_13_9'}, {'M_13_9'}, {'M_13_9'}, {'M_13_9'}, {'M_14_9'}, {'M_14_9'}, {'M_14_9'}, {'M_14_9'}]",0.3063758642113484,0.44702588278202837,72,"{np.float64(1.0): 59, np.float64(0.0): 13}",1.0,1.0,False
"[{'M_12_9'}, {'M_12_2'}, {'M_2_9'}]",0.2899534443989099,0.4303419338010265,97,"{np.float64(1.0): 83, np.float64(0.0): 14}",1.0,1.0,False
"[{'M_12_9'}, {'M_12_9'}, {'M_14_9'}, {'M_3_9'}]",0.2694643948674874,0.31985895408244874,78,"{np.float64(1.0): 56, np.float64(0.0): 22}",0.000999000999000999,0.0013875013875013875,True
"[{'M_10_9'}, {'M_10_9'}, {'M_10_9'}, {'M_10_9'}, {'M_8_9'}, {'M_8_9'}, {'M_8_9'}, {'M_8_9'}, {'M_8_9'}]",0.26924317875015197,0.3342911210325029,65,"{np.float64(0.0): 20, np.float64(1.0): 45}",0.000999000999000999,0.0013875013875013875,True
"[{'M_12_9'}, {'M_12_9'}, {'M_12_1'}, {'M_2_9'}]",0.26891455826543537,0.4497755926032111,63,"{np.float64(1.0): 53, np.float64(0.0): 10}",1.0,1.0,False
"[{'M_12_9'}, {'M_2_9'}, {'M_2_9'}, {'M_2_2'}]",0.26755341012299777,0.3789297664872347,73,"{np.float64(1.0): 60, np.float64(0.0): 13}",1.0,1.0,False
"[{'M_4_9'}, {'M_4_9'}, {'M_10_9'}, {'M_10_9'}]",0.2669441080884146,0.39682272212978986,79,"{np.float64(1.0): 63, np.float64(0.0): 16}",0.000999000999000999,0.0013875013875013875,True
"[{'M_6_9'}, {'M_5_9'}, {'M_5_9'}, {'M_5_6'}]",0.2646404756322935,0.3633407838916516,92,"{np.float64(0.0): 24, np.float64(1.0): 68}",0.000999000999000999,0.0013875013875013875,True
"[{'M_11_9'}, {'M_11_9'}, {'M_11_9'}, {'M_2_9'}]",0.2638498799855509,0.40142220582651056,181,"{np.float64(1.0): 158, np.float64(0.0): 23}",0.000999000999000999,0.0013875013875013875,True
"[{'M_1_8'}, {'M_2_9'}, {'M_2_9'}, {'M_2_9'}, {'M_2_9'}]",0.2611910797094407,0.36919417113781794,65,"{np.float64(1.0): 46, np.float64(0.0): 19}",0.000999000999000999,0.0013875013875013875,True
"[{'M_14_9'}, {'M_13_9'}, {'M_8_9'}, {'M_8_9'}]",0.2516283269482214,0.38113306049434914,81,"{np.float64(1.0): 60, np.float64(0.0): 21}",0.000999000999000999,0.0013875013875013875,True
"[{'M_11_9'}, {'M_11_9'}, {'M_11_9'}, {'M_11_9'}, {'M_11_9'}, {'M_11_9'}, {'M_11_9'}, {'M_11_9'}, {'M_11_9'}, {'M_11_9'}, {'M_11_9'}, {'M_11_9'}, {'M_11_7'}]",0.2460229889023884,0.33862683788504244,67,"{np.float64(1.0): 14, np.float64(0.0): 53}",1.0,1.0,False
"[{'M_7_9'}, {'M_7_9'}, {'M_6_9'}, {'M_6_9'}, {'M_5_9'}, {'M_5_9'}, {'M_5_9'}, {'M_5_9'}]",0.24415653484735111,0.32468690122995114,74,"{np.float64(0.0): 18, np.float64(1.0): 56}",0.000999000999000999,0.0013875013875013875,True
"[{'M_9_9'}, {'M_8_9'}, {'M_5_9'}, {'M_5_9'}, {'M_5_9'}, {'M_5_9'}]",0.24384131422773053,0.40541819554454533,76,"{np.float64(1.0): 63, np.float64(0.0): 13}",1.0,1.0,False
"[{'M_2_9'}, {'M_2_9'}, {'M_2_9'}, {'M_2_4'}, {'M_2_9'}]",0.24272817688722764,0.32466185970708805,82,"{np.float64(1.0): 46, np.float64(0.0): 36}",0.000999000999000999,0.0013875013875013875,True
"[{'M_2_9'}, {'M_2_9'}, {'M_2_9'}, {'M_2_9'}, {'M_2_9'}, {'M_2_9'}, {'M_2_9'}, {'M_2_9'}, {'M_2_9'}, {'M_3_9'}, {'M_3_9'}, {'M_3_9'}]",0.23881186064637472,0.3021272121865439,60,"{np.float64(1.0): 31, np.float64(0.0): 29}",0.000999000999000999,0.0013875013875013875,True
"[{'M_3_9'}, {'M_3_3'}, {'M_12_9'}]",0.2363713382020619,0.3679123553136984,85,"{np.float64(1.0): 70, np.float64(0.0): 15}",0.000999000999000999,0.0013875013875013875,True
"[{'M_2_9'}, {'M_2_9'}, {'M_3_9'}, {'M_12_9'}, {'M_12_9'}]",0.23563265453958762,0.3111146572421982,60,"{np.float64(0.0): 14, np.float64(1.0): 46}",1.0,1.0,False
"[{'M_2_9'}, {'M_2_1'}, {'M_12_9'}]",0.22947925877855893,0.41297729585150433,91,"{np.float64(1.0): 80, np.float64(0.0): 11}",1.0,1.0,False
"[{'M_14_9'}, {'M_2_9'}, {'M_3_9'}, {'M_3_9'}]",0.2272945461970013,0.27260912601299037,106,"{np.float64(1.0): 73, np.float64(0.0): 33}",0.000999000999000999,0.0013875013875013875,True
"[{'M_10_9'}, {'M_10_9'}, {'M_10_9'}, {'M_10_9'}, {'M_10_9'}, {'M_10_9'}, {'M_10_4'}]",0.22507934826966433,0.28108810721120486,94,"{np.float64(1.0): 64, np.float64(0.0): 30}",0.000999000999000999,0.0013875013875013875,True
"[{'M_15_9'}, {'M_14_9'}, {'M_12_9'}, {'M_12_9'}, {'M_11_9'}, {'M_11_9'}]",0.22502831535150258,0.2963904867485027,70,"{np.float64(0.0): 51, np.float64(1.0): 19}",0.000999000999000999,0.0013875013875013875,True
"[{'M_4_9'}, {'M_4_9'}, {'M_6_9'}, {'M_6_9'}, {'M_6_9'}, {'M_7_9'}]",0.22410903242440974,0.295370223385001,74,"{np.float64(1.0): 18, np.float64(0.0): 56}",0.000999000999000999,0.0013875013875013875,True
"[{'M_2_9'}, {'M_0_9'}, {'M_12_9'}]",0.22405994932020637,0.4792032835201129,258,"{np.float64(1.0): 234, np.float64(0.0): 24}",0.000999000999000999,0.0013875013875013875,True
"[{'M_10_9'}, {'M_10_9'}, {'M_10_9'}, {'M_10_9'}, {'M_10_9'}, {'M_10_9'}, {'M_7_9'}, {'M_7_9'}]",0.22135969558753738,0.2712104868444597,65,"{np.float64(1.0): 42, np.float64(0.0): 23}",0.000999000999000999,0.0013875013875013875,True
"[{'M_7_9'}, {'M_4_9'}, {'M_3_9'}, {'M_3_9'}, {'M_3_9'}, {'M_3_9'}, {'M_3_9'}, {'M_3_9'}, {'M_3_9'}, {'M_3_9'}, {'M_3_9'}]",0.22111577041911154,0.2790709563996643,64,"{np.float64(0.0): 48, np.float64(1.0): 16}",0.000999000999000999,0.0013875013875013875,True
"[{'M_13_9'}, {'M_13_3'}, {'M_3_9'}]",0.22111530307512695,0.2913636038914632,68,"{np.float64(0.0): 11, np.float64(1.0): 57}",1.0,1.0,False
"[{'M_14_9'}, {'M_1_9'}, {'M_2_9'}, {'M_2_9'}, {'M_2_9'}]",0.22047403191626677,0.31792756679957196,84,"{np.float64(0.0): 25, np.float64(1.0): 59}",0.000999000999000999,0.0013875013875013875,True
"[{'M_2_9'}, {'M_2_9'}, {'M_2_9'}, {'M_2_9'}, {'M_2_9'}, {'M_2_9'}, {'M_2_9'}, {'M_2_1'}]",0.2201911681978159,0.30208478112273807,77,"{np.float64(1.0): 51, np.float64(0.0): 26}",0.000999000999000999,0.0013875013875013875,True
"[{'M_14_9'}, {'M_14_9'}, {'M_15_9'}, {'M_3_9'}]",0.21756167585829597,0.2703456292511707,110,"{np.float64(1.0): 81, np.float64(0.0): 29}",0.000999000999000999,0.0013875013875013875,True
"[{'M_12_9'}, {'M_12_9'}, {'M_12_9'}, {'M_13_9'}, {'M_13_9'}, {'M_13_9'}, {'M_14_9'}]",0.21582271046092502,0.2537109380898377,124,"{np.float64(1.0): 84, np.float64(0.0): 40}",0.000999000999000999,0.0013875013875013875,True
"[{'M_1_9'}, {'M_1_9'}, {'M_12_9'}, {'M_12_9'}]",0.21398461319539697,0.33595864500018047,110,"{np.float64(0.0): 26, np.float64(1.0): 84}",0.000999000999000999,0.0013875013875013875,True
"[{'M_10_9'}, {'M_10_9'}, {'M_10_0'}, {'M_9_9'}, {'M_9_9'}, {'M_9_9'}]",0.2113552135405195,0.2745761003859375,69,"{np.float64(0.0): 17, np.float64(1.0): 52}",0.000999000999000999,0.0013875013875013875,True
"[{'M_2_9'}, {'M_1_9'}, {'M_13_9'}]",0.21081684159672415,0.4300524904894141,146,"{np.float64(1.0): 130, np.float64(0.0): 16}",0.000999000999000999,0.0013875013875013875,True
"[{'M_2_9'}, {'M_2_9'}, {'M_2_9'}, {'M_12_9'}, {'M_12_9'}]",0.2080294897086354,0.32729616952230983,120,"{np.float64(1.0): 97, np.float64(0.0): 23}",0.000999000999000999,0.0013875013875013875,True
"[{'M_13_9'}, {'M_13_9'}, {'M_13_9'}, {'M_13_9'}, {'M_12_9'}, {'M_11_9'}, {'M_11_9'}, {'M_11_9'}, {'M_11_9'}]",0.20784976277359118,0.243218255947048,66,"{np.float64(0.0): 53, np.float64(1.0): 13}",1.0,1.0,False
"[{'M_9_9'}, {'M_8_9'}, {'M_8_9'}, {'M_9_9'}, {'M_10_9'}, {'M_10_9'}]",0.20618408406289446,0.2984859464492755,61,"{np.float64(1.0): 43, np.float64(0.0): 18}",0.000999000999000999,0.0013875013875013875,True
"[{'M_11_9'}, {'M_11_9'}, {'M_11_9'}, {'M_12_9'}, {'M_12_9'}, {'M_12_9'}, {'M_14_9'}, {'M_15_9'}, {'M_15_9'}, {'M_15_9'}]",0.20434356962073724,0.2174889302090189,70,"{np.float64(1.0): 33, np.float64(0.0): 37}",0.000999000999000999,0.0013875013875013875,True
"[{'M_9_9'}, {'M_10_9'}, {'M_10_9'}, {'M_10_9'}, {'M_10_0'}]",0.2020749841557396,0.2675127779854642,87,"{np.float64(1.0): 56, np.float64(0.0): 31}",0.000999000999000999,0.0013875013875013875,True
"[{'M_12_9'}, {'M_12_9'}, {'M_12_0'}, {'M_12_9'}, {'M_12_9'}, {'M_12_9'}, {'M_12_9'}, {'M_12_9'}, {'M_12_9'}, {'M_12_9'}]",0.20158472491896692,0.3165535269704248,66,"{np.float64(0.0): 56, np.float64(1.0): 10}",1.0,1.0,False
"[{'M_11_9'}, {'M_11_9'}, {'M_11_9'}, {'M_12_9'}, {'M_12_9'}, {'M_12_9'}, {'M_15_9'}, {'M_0_9'}, {'M_0_9'}, {'M_0_9'}]",0.20110117378949396,0.27043242861123334,61,"{np.float64(0.0): 44, np.float64(1.0): 17}",0.000999000999000999,0.0013875013875013875,True
"[{'M_14_9'}, {'M_14_9'}, {'M_8_9'}, {'M_8_9'}, {'M_8_9'}, {'M_8_9'}]",0.20074590310224166,0.2964071679570316,66,"{np.float64(1.0): 43, np.float64(0.0): 23}",0.000999000999000999,0.0013875013875013875,True
"[{'M_11_9'}, {'M_11_9'}, {'M_11_9'}, {'M_11_9'}, {'M_11_9'}, {'M_11_9'}, {'M_11_3'}, {'M_11_9'}, {'M_11_9'}]",0.1997165841656963,0.23735363697435,67,"{np.float64(0.0): 47, np.float64(1.0): 20}",0.000999000999000999,0.0013875013875013875,True
"[{'M_13_9'}, {'M_13_9'}, {'M_13_9'}, {'M_13_2'}, {'M_14_9'}]",0.19926328714684596,0.29010607808828354,66,"{np.float64(1.0): 50, np.float64(0.0): 16}",0.001998001998001998,0.0027000027000027,True
"[{'M_2_9'}, {'M_2_9'}, {'M_1_9'}, {'M_1_9'}, {'M_1_9'}, {'M_1_9'}, {'M_1_9'}, {'M_2_9'}]",0.19920958294064578,0.24867009079974628,72,"{np.float64(1.0): 49, np.float64(0.0): 23}",0.000999000999000999,0.0013875013875013875,True
"[{'M_11_9'}, {'M_11_9'}, {'M_12_9'}, {'M_12_9'}, {'M_12_9'}, {'M_12_9'}, {'M_12_9'}, {'M_0_9'}]",0.19920491721075856,0.22068018327644537,69,"{np.float64(1.0): 21, np.float64(0.0): 48}",0.000999000999000999,0.0013875013875013875,True
"[{'M_8_9'}, {'M_8_9'}, {'M_8_9'}, {'M_8_9'}, {'M_8_9'}, {'M_8_9'}, {'M_6_9'}, {'M_6_9'}, {'M_5_9'}]",0.1985023809302336,0.3150637661973079,63,"{np.float64(1.0): 52, np.float64(0.0): 11}",1.0,1.0,False
"[{'M_8_9'}, {'M_5_9'}, {'M_6_9'}]",0.19699439052933845,0.3227454603649676,100,"{np.float64(1.0): 80, np.float64(0.0): 20}",0.000999000999000999,0.0013875013875013875,True
"[{'M_10_9'}, {'M_10_9'}, {'M_11_9'}, {'M_11_9'}, {'M_11_9'}, {'M_11_9'}, {'M_11_9'}, {'M_11_9'}, {'M_11_9'}, {'M_11_9'}, {'M_11_9'}, {'M_11_9'}, {'M_11_9'}, {'M_11_9'}]",0.19473441193256993,0.25110981636536056,67,"{np.float64(1.0): 21, np.float64(0.0): 46}",0.000999000999000999,0.0013875013875013875,True
"[{'M_12_9'}, {'M_12_9'}, {'M_12_9'}, {'M_12_9'}, {'M_12_9'}, {'M_12_9'}, {'M_12_9'}, {'M_12_9'}, {'M_12_9'}, {'M_12_9'}, {'M_12_9'}, {'M_12_9'}, {'M_13_9'}, {'M_13_9'}]",0.19415069667332072,0.17619652395677782,67,"{np.float64(1.0): 23, np.float64(0.0): 44}",0.000999000999000999,0.0013875013875013875,True
"[{'M_12_9'}, {'M_12_9'}, {'M_12_8'}, {'M_12_9'}, {'M_12_9'}, {'M_12_9'}, {'M_12_9'}, {'M_12_9'}, {'M_12_9'}]",0.19187059245749838,0.27928189203366,85,"{np.float64(0.0): 72, np.float64(1.0): 13}",1.0,1.0,False
"[{'M_11_9'}, {'M_11_9'}, {'M_11_9'}, {'M_11_1'}, {'M_11_9'}, {'M_11_9'}, {'M_11_9'}, {'M_11_9'}]",0.1913299403787262,0.231309584063617,82,"{np.float64(1.0): 24, np.float64(0.0): 58}",0.000999000999000999,0.0013875013875013875,True
"[{'M_11_9'}, {'M_12_9'}, {'M_15_9'}, {'M_15_9'}, {'M_15_9'}, {'M_15_9'}, {'M_15_9'}, {'M_15_9'}, {'M_15_9'}, {'M_15_9'}, {'M_15_9'}]",0.1904403437132216,0.18824094086401655,61,"{np.float64(1.0): 33, np.float64(0.0): 28}",0.000999000999000999,0.0013875013875013875,True
"[{'M_8_9'}, {'M_8_0'}, {'M_5_9'}, {'M_5_9'}]",0.19005952751898023,0.3092989438348246,65,"{np.float64(1.0): 54, np.float64(0.0): 11}",1.0,1.0,False
"[{'M_11_9'}, {'M_11_9'}, {'M_11_9'}, {'M_11_9'}, {'M_11_9'}, {'M_11_9'}, {'M_11_9'}, {'M_11_0'}, {'M_11_9'}, {'M_11_9'}]",0.18988985565081618,0.2123324289917946,69,"{np.float64(0.0): 49, np.float64(1.0): 20}",0.000999000999000999,0.0013875013875013875,True
"[{'M_12_9'}, {'M_1_9'}, {'M_2_9'}]",0.18974680667226104,0.25809219182336424,173,"{np.float64(1.0): 135, np.float64(0.0): 38}",0.000999000999000999,0.0013875013875013875,True
"[{'M_12_9'}, {'M_12_7'}, {'M_3_9'}]",0.1886956350307787,0.29556790300245794,68,"{np.float64(0.0): 12, np.float64(1.0): 56}",1.0,1.0,False
"[{'M_12_9'}, {'M_12_9'}, {'M_12_9'}, {'M_12_9'}, {'M_12_9'}, {'M_12_9'}, {'M_12_9'}, {'M_12_9'}, {'M_12_9'}, {'M_12_9'}, {'M_12_9'}, {'M_15_9'}, {'M_15_9'}, {'M_15_9'}, {'M_15_9'}, {'M_15_9'}]",0.18865106855974975,0.18488480282180447,69,"{np.float64(0.0): 52, np.float64(1.0): 17}",0.000999000999000999,0.0013875013875013875,True
"[{'M_11_9'}, {'M_11_9'}, {'M_11_9'}, {'M_11_9'}, {'M_11_9'}, {'M_11_9'}, {'M_11_9'}, {'M_11_9'}, {'M_11_9'}, {'M_11_9'}, {'M_11_9'}, {'M_11_9'}, {'M_11_5'}]",0.18823874926834663,0.2357627475889875,68,"{np.float64(0.0): 51, np.float64(1.0): 17}",0.001998001998001998,0.0027000027000027,True
"[{'M_3_9'}, {'M_3_9'}, {'M_3_9'}, {'M_14_9'}]",0.1879596235819582,0.2574084692487927,105,"{np.float64(1.0): 73, np.float64(0.0): 32}",0.000999000999000999,0.0013875013875013875,True
"[{'M_10_9'}, {'M_10_9'}, {'M_8_9'}, {'M_8_9'}, {'M_6_9'}]",0.18748309353641543,0.29266367740191446,121,"{np.float64(1.0): 101, np.float64(0.0): 20}",0.000999000999000999,0.0013875013875013875,True
"[{'M_8_9'}, {'M_6_9'}, {'M_6_9'}, {'M_6_0'}]",0.18727789256621447,0.28771493242992324,105,"{np.float64(0.0): 23, np.float64(1.0): 82}",0.000999000999000999,0.0013875013875013875,True
"[{'M_11_9'}, {'M_12_9'}, {'M_12_9'}, {'M_12_9'}, {'M_8_9'}, {'M_8_9'}, {'M_8_9'}]",0.18710040940859327,0.3099415872316985,130,"{np.float64(0.0): 105, np.float64(1.0): 25}",0.000999000999000999,0.0013875013875013875,True
"[{'M_10_9'}, {'M_10_9'}, {'M_10_9'}, {'M_10_9'}, {'M_10_9'}, {'M_10_9'}, {'M_10_9'}, {'M_10_9'}, {'M_10_9'}, {'M_11_9'}]",0.18694020341821263,0.2266409115154084,65,"{np.float64(1.0): 24, np.float64(0.0): 41}",0.000999000999000999,0.0013875013875013875,True
"[{'M_8_9'}, {'M_8_9'}, {'M_8_9'}, {'M_9_9'}, {'M_9_9'}, {'M_11_9'}, {'M_11_9'}, {'M_11_9'}]",0.1868047844960671,0.24243344373605924,68,"{np.float64(0.0): 44, np.float64(1.0): 24}",0.000999000999000999,0.0013875013875013875,True
"[{'M_11_9'}, {'M_11_9'}, {'M_11_9'}, {'M_11_9'}, {'M_11_9'}, {'M_11_9'}, {'M_11_9'}, {'M_11_9'}, {'M_11_9'}, {'M_11_9'}, {'M_11_9'}, {'M_11_9'}, {'M_11_1'}]",0.1867405753813441,0.23322746577672665,66,"{np.float64(0.0): 50, np.float64(1.0): 16}",0.000999000999000999,0.0013875013875013875,True
"[{'M_14_9'}, {'M_13_9'}, {'M_0_9'}]",0.18643867209701626,0.2993492022371636,68,"{np.float64(1.0): 52, np.float64(0.0): 16}",0.002997002997002997,0.003996003996003996,True
"[{'M_10_9'}, {'M_10_9'}, {'M_10_9'}, {'M_10_9'}, {'M_10_9'}, {'M_10_5'}]",0.18455497170709304,0.2146022712202886,113,"{np.float64(1.0): 65, np.float64(0.0): 48}",0.000999000999000999,0.0013875013875013875,True
"[{'M_10_9'}, {'M_8_9'}, {'M_8_9'}, {'M_8_9'}, {'M_7_9'}, {'M_7_9'}, {'M_6_9'}]",0.18405389563382354,0.3102614799780505,78,"{np.float64(0.0): 14, np.float64(1.0): 64}",1.0,1.0,False
"[{'M_13_9'}, {'M_13_9'}, {'M_13_9'}, {'M_13_7'}]",0.18399635182031265,0.23636718226299314,141,"{np.float64(1.0): 85, np.float64(0.0): 56}",0.000999000999000999,0.0013875013875013875,True
"[{'M_0_9'}, {'M_1_9'}, {'M_7_9'}, {'M_7_9'}, {'M_7_9'}]",0.18330208296879913,0.20276238352683887,85,"{np.float64(0.0): 63, np.float64(1.0): 22}",0.000999000999000999,0.0013875013875013875,True
"[{'M_14_5'}, {'M_2_9'}, {'M_2_9'}]",0.18328196427426213,0.31169830267982823,82,"{np.float64(0.0): 12, np.float64(1.0): 70}",1.0,1.0,False
"[{'M_11_9'}, {'M_11_4'}, {'M_12_9'}, {'M_12_9'}, {'M_12_9'}, {'M_12_9'}, {'M_12_9'}, {'M_12_9'}]",0.18304639208544324,0.20836828941263366,71,"{np.float64(1.0): 23, np.float64(0.0): 48}",0.000999000999000999,0.0013875013875013875,True
"[{'M_12_9'}, {'M_12_9'}, {'M_11_9'}, {'M_11_9'}, {'M_11_9'}, {'M_11_9'}, {'M_11_9'}, {'M_11_9'}, {'M_12_9'}, {'M_12_9'}]",0.1824285176611708,0.22723020274940764,73,"{np.float64(0.0): 59, np.float64(1.0): 14}",1.0,1.0,False
"[{'M_6_9'}, {'M_6_9'}, {'M_5_9'}, {'M_5_9'}, {'M_5_0'}]",0.18186759768255917,0.2352293334507717,78,"{np.float64(1.0): 53, np.float64(0.0): 25}",0.000999000999000999,0.0013875013875013875,True
"[{'M_15_9'}, {'M_0_9'}, {'M_0_9'}, {'M_0_9'}, {'M_0_9'}, {'M_0_9'}, {'M_0_9'}, {'M_0_9'}, {'M_0_9'}, {'M_0_9'}, {'M_2_9'}]",0.18183776917962488,0.2186065967442329,60,"{np.float64(0.0): 31, np.float64(1.0): 29}",0.000999000999000999,0.0013875013875013875,True
"[{'M_11_9'}, {'M_11_9'}, {'M_11_9'}, {'M_11_9'}, {'M_11_9'}, {'M_11_9'}, {'M_11_9'}, {'M_14_9'}, {'M_15_9'}, {'M_15_9'}, {'M_0_9'}]",0.18092702970791935,0.2073893651233188,61,"{np.float64(1.0): 21, np.float64(0.0): 40}",0.000999000999000999,0.0013875013875013875,True
"[{'M_12_9'}, {'M_12_9'}, {'M_12_9'}, {'M_12_4'}, {'M_12_9'}, {'M_12_9'}, {'M_12_9'}]",0.18045062680118615,0.24357404790445786,111,"{np.float64(0.0): 89, np.float64(1.0): 22}",0.000999000999000999,0.0013875013875013875,True
"[{'M_11_9'}, {'M_8_9'}, {'M_7_9'}, {'M_6_9'}]",0.1797725024727581,0.24368593113598092,99,"{np.float64(0.0): 28, np.float64(1.0): 71}",0.000999000999000999,0.0013875013875013875,True
"[{'M_5_9'}, {'M_5_9'}, {'M_5_9'}, {'M_5_9'}, {'M_5_9'}, {'M_3_9'}]",0.17931250679347993,0.20539533539253862,74,"{np.float64(0.0): 32, np.float64(1.0): 42}",0.000999000999000999,0.0013875013875013875,True
"[{'M_9_9'}, {'M_9_9'}, {'M_6_9'}, {'M_6_9'}]",0.17929447001103607,0.2941766807228548,125,"{np.float64(1.0): 101, np.float64(0.0): 24}",0.000999000999000999,0.0013875013875013875,True
